ORBIT5S
 0 , 0 , 0 , 0 , 0 
 25 , 3.519540684063219 , 0 , 0 , 3 
 1 , 0 , 0 , .25 , 0 
 2004 , 109 , 1 , 21 , 4.8863525390625 
 0 , 0 , 0 , 0 , 0 , 0 
 0 , 0 , 4078744.57948659 , 7122309.716601432 , 12 , 0 
 0 , 0 , 0 , 0 , 6.66666068821942D-25 , 7.994624658651617D-21 
 5678298427.220984 ,-56686220233.11234 ,-46807.43167918817 ,-14388.08954881491 ,-4.076008766693017D-03 , 4.069048655117888D-02 
-587029839.2488161 ,-107487514306.7239 ,-35193.26081062373 , 203.831501758611 , 6.273791073719384D-05 , 1.148708903053543D-02 
-60812722312.35796 ,-133925927516.0965 ,-27509.49158247973 , 12706.85552580549 , 2.536677770932383D-03 , 5.585839543472902D-03 
 231779434803.2532 ,-68535761520.77284 ,-4814.341878894598 ,-22212.22881293836 ,-2.178718211147629D-03 , 6.439849790018259D-04 
 177610427183.9555 ,-792042104872.741 ,-12127.27505122388 ,-3014.915801948619 ,-4.405513527591978D-05 , 1.965715795104285D-04 
 1323421552561.164 ,-320361098585.3309 ,-2098.016419419984 ,-9865.294102055834 ,-6.965331897818899D-05 , 1.68113783476549D-05 
-1343188404857.265 , 2681415766478.068 , 5769.302635581354 , 3003.965377119858 , 6.612634112125303D-06 ,-1.320358812255628D-05 
-3272944897591.5 , 3087940000871.006 , 3749.053845524261 , 3938.341046629369 , 4.773514762726366D-06 ,-4.502997738180614D-06 
-4557963540361.645 ,-753182539290.1814 ,-1676.726596033883 , 5694.53965864419 , 7.949327327131714D-06 ,-5.060256127529808D-07 
-60654639010.82269 ,-133577694875.8954 ,-26579.39770505158 , 12284.52846865602 , 1.421933323413642D-03 , 3.130823306267187D-03 
 231770079956.8793 ,-68535459758.52037 ,-4759.064261071231 ,-20071.19644649626 , .4865933172011716 ,-.0150941870353465 
 231801709517.147 ,-68527653800.01892 ,-4359.931004839172 ,-23471.22519446785 ,-.0738224105307286 ,-2.543467030510866D-02 
 177188751012.5331 ,-792040488187.5518 ,-12076.22065270164 , 14331.499257637 , .7129848324462548 ,-2.529754245858064D-03 
 177594458960.7253 ,-792713258092.8564 ,-25862.62569434188 ,-2699.332475104455 , 6.645695568537329D-03 , .2814270007560034 
 176834542643.003 ,-791304575267.339 ,-4632.224583970482 , 4872.345979705588 , 8.014708557622872D-02 ,-.0760295490225875 
 177240085285.5506 ,-790198278926.3368 ,-4078.72563961101 ,-1397.795677345547 , 7.014907524365811D-03 ,-3.494805950414574D-02 
 1323711952008.928 ,-320308772246.7044 ,-61.9695780706376 ,-21016.73522242208 ,-.4292367421325368 ,-7.731797179201667D-02 
 1323050402922.959 ,-320429889883.1308 ,-3919.643382347905 ,-3.402033220311023 , .2619485641506163 , 4.858281848106254D-02 
 1323199635511.427 ,-319883361701.9841 , 5603.327102149239 ,-6285.954536603786 , 5.757795617110404D-02 ,-.1240839576416903 
 1324265170393.081 ,-321247049591.0571 ,-6128.972939410228 ,-13705.88992582238 ,-1.756474649773493D-02 , 1.839001428610059D-02 
 1326401343370.144 ,-318409635037.1803 ,-303.8138303559977 ,-12592.82212177596 ,-2.572943170835899D-03 ,-1.622946208041009D-03 
-1343354300941.226 , 2681319739079.524 , 3011.828219912725 , 7764.921494804835 , .1365961323412656 , 7.905168374780955D-02 
-1342925207635.876 , 2681368865449.8 , 4956.687750466856 ,-1581.528307554662 ,-7.986901384370916D-02 , 1.422006362792579D-02 
-1342794526399.19 , 2681608926141.641 , 7370.549792337427 ,-260.1879752702793 ,-2.704685243176847D-02 ,-1.328039587308897D-02 
-1342674500876.772 , 2681698985129.044 , 7286.49490741982 , 251.222290921313 ,-1.474359435262899D-02 ,-8.142233706784123D-03 
-3272803762147.965 , 3088070061251.211 , 7810.561026329378 ,-454.0480965450434 ,-.1372103042924048 ,-.1264541209831761 
-4557822885982.394 ,-753300924709.4851 ,-1714.597252774969 , 5642.02448393069 ,-1.047960557097905D-05 , 1.499908257516833D-05 
-60806530623.84281 ,-133928387918.1257 ,-30369.9536501013 , 5511.19665616661 ,-8.352426812244795 , 3.322834111690158 
-435631422990.8372 , 81438478372.20534 , 3220.703789360886 , 16764.74622736698 , 6.643265795808456D-04 ,-1.242706970647248D-04 
-741073623662.8268 ,-460090632292.3602 ,-3994.12701248744 , 6433.401130694626 , 1.483251387546128D-04 , 9.196392756353968D-05 
-260215149666.4637 , 192284297550.2736 , 11736.91068774749 , 17299.34616530193 , 1.019716976718637D-03 ,-7.535802300880419D-04 
-60806732573.49734 ,-133932461023.0855 ,-32448.95917189098 , 8162.189483564712 ,-3.430559418294503 , 3.748965962964975 
-10516044721064.2 , 8735044472137.709 , 3719.185243233153 , 1934.835154843109 , 1.092610920964225D-06 ,-9.075660322300417D-07 
-6299212552483.742 ,-769366753754.3862 ,-544.3973258384688 , 4539.541216346208 , 0 , 0 
-60812720376.19278 ,-133919274516.6594 ,-19764.83087920761 , 12704.60409536929 , 2.536813931862706D-03 ,-9.009860611523836 
 0 , 0 , 0 , 0 , 0 , 0 
-60808275941.52951 ,-133921481145.2681 ,-27509.49158247973 , 12706.85552580549 , 0 , 0 
 0 , 0 , 0 , 0 , 0 , 0 
 0 , 0 , 0 , 0 , 0 , 0 
 100000 , 15120000 
